980058A319090630Y2480057411430109780082110   0   0   0   02
980058A319090672Y1480647411510101073582110   0   0   0   01
980058A319090634Y1480515011472422497922210   0   0   0   02
980058A319090669Y2480935011430107089512110   0   0   0   01
980058A419081028Y2480455011510100576242210   0   0   0   14
980058A419081054Y2480015011510100578612110   0   0   0   14
980058A419081081Y2480237411510101258122210   0   0   0   14
980058A419081056Y2480435011510101229612110   0   0   0   14
980058A419081057Y2480265011510101902392110   0   0   0   14
980058A419081045Y148063501143010596142221422182110   0   14
980058A419081066Y2480425011510101165942210   0   0   0   07
980058A419081066Y2483145011510101355082210   0   0   0   14
980058A419081129Y2480215011430105493212110   0   0   0   02
980058A419081138Y2480455011430108184012110   0   0   0   07
980058A419081161Y2483165011430108184012110   0   0   0   07
980058A419081161Y2480425011430109465772210   0   0   0   07
980058A419081163Y2480385011510101429742210   0   0   0   02
980058A419081112Y1480655011510101353782210   0   0   0   07
980058A419081127Y24802150115101013435121122110   0   0   02
980058A419081138Y1480665011430110145082210   0   0   0   07
980058A419081160Y1480355011510101323782210   0   0   0   02
980058A419081138Y2480361911510101461282210   0   0   0   07
980058A419081622Y2483126311531512635712210   0   0   0   01
980058A419081633Y1480365011430102746762110   0   0   0   07
980058A419081621Y2480365011430110666162110   0   0   0   07
980058A419081639Y2480355011430108638712110   0   0   0   07
980058A419081668Y1483176311510101343522210   0   0   0   01
980058A419081652Y2480365011430140598622210   0   0   0   07
980058A419081676Y1480475011510101073582210   0   0   0   01
980058A419081683Y1480435011510101424842210   0   0   0   01
980058A419081764Y1480885011430109899442210   0   0   0   01
980058A419081778Y1480385011510101165922210   0   0   0   01
980058A419081717Y1480885011430109214682210   0   0   0   02
980058A419081756Y1480475011510101073582210   0   0   0   07
980058A419081753Y2483145011510101212742110   0   0   0   07
980058A419081778Y2480365011510101204982210   0   0   0   01
980058A419081753Y2480605011510101343512110   0   0   0   07
980058A419081828Y1480606311510101072962120   0   0   0   14
980058A419081852Y2480915011510100974542210   0   0   0   01
980058A419081861Y1480265011510102405082210   0   0   0   07
980058A419081835Y1480355011515101165782210   0   0   0   07
980058A419081847Y2481788211531512635782210   0   0   0   07
980058A419081839Y2480475011510101343522210   0   0   0   07
980058A419081871Y1480547411531512011142210   0   0   0   01
980058A419081864Y1480275011510101258182210   0   0   0   07
980058A419081858Y2480265011510101429712110   0   0   0   07
980058A419082359Y1480415011510101322982210   0   0   0   07
980058A419082356Y1483125011510100735812110   0   0   0   07
980058A419082363Y24802350115101007353822182210   0   0   07
980058A419081652Y2483126311470421829412110   0   0   0   01
980058A419082370Y2480515011510101986722210   0   0   0   01
980058A419082350Y1481528211510101355082210   0   0   0   07
980058A419082361Y1480355011510101423812210   0   0   0   07
980058A419082363Y2480365011510101525812210   0   0   0   07
980058A419082378Y2480475011510102094012210   0   0   0   01
980058A419082329Y2480355011510101343512210   0   0   0   07
980058A419082349Y2480385011510101880682210   0   0   0   07
980058A419082323Y2483135011510101343512210   0   0   0   07
980058A419082377Y2480475011430105904882210   0   0   0   01
980058A419082445Y2483125011510101902322210   0   0   0   07
980058A419082443Y1480365011510101229612110   0   0   0   07
980058A419082424Y1480915011510102198542210   0   0   0   07
980058A419082443Y2480475011470427263182210   0   0   0   07
980058A419082454Y1482248211510101902342210   0   0   0   07
980058A419082466Y2480515011430111907582110   0   0   0   01
980058A419082487Y2480455011510101073582210   0   0   0   07
980058A419082467Y2480265011430110804012110   0   0   0   01
980058A419082437Y2480065011430106783812210   0   0   0   01
980058A419082463Y2480895011470421948982210   0   0   0   01
980058A419082563Y2480665011430105472782210   0   0   0   01
980058A419082522Y248048631143011111791221A2210   0   0   07
980058A419082574Y2483135011510101667742210   0   0   0   01
980058A419082549Y1480445011430109780012210   0   0   0   07
980058A419082541Y2480665011430110141482210   0   0   0   02
980058A419082543Y1480385011515100492542210   0   0   0   07
980058A419082561Y1480435011510101780912210   0   0   0   07
980058A419082530Y2480965011510101667792210   0   0   0   02
980058A419082558Y14804350115101009509822142210   0   0   02
980058A419083041Y24803550114301087917121122110   0   0   07
980058A419083048Y2480625011510101322942210   0   0   0   07
980058A419083073Y1480455011510101780712110   0   0   0   01
980058A419083072Y2480435011470423440722210   0   0   0   01
980058A419083071Y2480435011430140749512110   0   0   0   01
980058A419083065Y1480015011510101258182210   0   0   0   07
980058A419083039Y24802650115101012296121122110   0   0   07
980058A419083021Y2480625011510102157142210   0   0   0   07
980058A419083048Y2480485011430108215712210   0   0   0   07
980058A419083171Y2480435011510100576282210   0   0   0   01
980058A419081776Y24804350115101005762321142110   0   0   01
980058A419082455Y1482168211510100576242210   0   0   0   07
980058A419083153Y1480655011430107265712210   0   0   0   07
980058A419083129Y2480365011510101343522110   0   0   0   02
980058A419083176Y1480237411430108215712210   0   0   0   01
980058A419083175Y2480355011510101323782210   0   0   0   01
980058A419083193Y2480895011430106533542210   0   0   0   01
980058A419083134Y1480385011510101187022210   0   0   0   06
980058A419083154Y2480445011430102746712110   0   0   0   01
980058A419083165Y2480365011510101880642210   0   0   0   01
980058A419083137Y2483105011510101343512210   0   0   0   07
980058A419090158Y1480825011510101525842210   0   0   0   07
980058A419090166Y1480485011510101073582210   0   0   0   07
980058A419090125Y2480365011510101258182210   0   0   0   07
980058A419090154Y1480455011430108184012110   0   0   0   07
980058A419090159Y2480637411510101424812110   0   0   0   07
980058A419090131Y2483145011510101883582210   0   0   0   01
980058A419090178Y2480265011510101165982210   0   0   0   01
980058A419090162Y1480355011510101726512110   0   0   0   02
980058A419090169Y2480386311430109780012110   0   0   0   02
980058A419090142Y2480365011510101612142210   0   0   0   01
980058A419090150Y1480355011510101073582210   0   0   0   07
980058A419090178Y1480386311430105585712110   0   0   0   01
980058A419090182Y2480355011510100831262210   0   0   0   01
980058A419091325Y1480515011430108184012110   0   0   0   02
980058A419090132Y24803863114704267009A2110   0   0   0   07
980058A419091323Y24804750114301081840121122110   0   0   07
980058A419090156Y2480016311510101315242210   0   0   0   07
980058A419091354Y2480475011430104640142210   0   0   0   01
980058A419090175Y1480366311430107089582210   0   0   0   01
980058A419091348Y24803550115101013435121122110   0   0   01
980058A419090166Y2480366311531512635782210   0   0   0   01
980058A419091355Y2480475011510101073582210   0   0   0   07
980058A419090183Y2480436311430108184012110   0   0   0   01
980058A419091333Y2480485011515100492582210   0   0   0   07
980058A419090183Y2480436311430108184022110   0   0   0   01
980058A419090136Y2480436311510101343542210   0   0   0   07
980058A419091342Y24831250115151004925222182210   0   0   07
980058A419091347Y2480435011510101316812110   0   0   0   07
980058A419090123Y2480476311510101822682210   0   0   0   07
980058A419091331Y2480895011430108184012110   0   0   0   02
980058A419090822Y2480475011430109428412110   0   0   0   07
980058A419090845Y248041741143010726571211222132210   0   02
980058A419090863Y2480445011510101880682110   0   0   0   07
980058A419090834Y2480696311510101229612110   0   0   0   07
980058A419090849Y2480155011510101525802220   0   0   0   02
980058A419090880Y2480455011510102094012210   0   0   0   01
980058A419090849Y1480475011510102094082210   0   0   0   09
980058A419090845Y14804250115101020940121122110   0   0   09
980058A419090874Y2480017411510102094042210   0   0   0   07
980058A419090859Y2480017411510102003942210   0   0   0   07
980058A419090856Y24822063115101018805422172210   0   0   01
980058A419091446Y2483166311510101353782210   0   0   0   07
980058A419091430Y2480933011510101531912110   0   0   0   07
980058A419091451Y2480445011510101343512110   0   0   0   07
980058A419091463Y2480445011510101229612110   0   0   0   07
980058A419091456Y24803550115101017430222112210   0   0   01
980058A419091559Y2480475011510101667742210   0   0   0   01
980058A419091560Y1480485011430108215772210   0   0   0   02
980058A419091560Y2480355011510101902342210   0   0   0   02
980058A419091561Y2480885011510101229612110   0   0   0   07
980058A419091555Y1480665011470427152742110   0   0   0   07
980058A419091553Y2480475011510101880582210   0   0   0   07
980058A419091532Y1480455011510100576282210   0   0   0   07
980058A419091559Y24802250114301101414122122110   0   0   01
980058A419091546Y2480235011470430612982210   0   0   0   07
980058A419091534Y2480265011510101362442210   0   0   0   07
980058A419091552Y24806650114301081019222142210   0   0   01
980058A419092077Y2480485011430110804012110   0   0   0   01
980058A419092066Y2480665011430108440222210   0   0   0   01
980058A419092069Y1480825011510101424892110   0   0   0   01
980058A419092072Y2480385011510101424812110   0   0   0   01
980058A419092060Y2480355011510101525842110   0   0   0   01
980058A419092068Y2480445011510101393882210   0   0   0   01
980058A419092027Y2480475011510101902392210   0   0   0   02
980058A419092059Y2480855011510100576282210   0   0   0   01
980058A419092025Y2480385011560100660312210   0   0   0   02
980058A419092167Y1480445011430105576042110   0   0   0   07
980058A419092051Y1480445011430105576012210   0   0   0   07
980058A419092169Y2480265011510101343542210   0   0   0   07
980058A419092169Y2480665011510101525842110   0   0   0   07
980058A419092177Y14803550115101005762222142210   0   0   07
980058A419092183Y148044501151010069931221A2210   0   0   07
980058A419092169Y14803450114301086512A22112210   0   0   07
980058A419092163Y1480355011510101140012110   0   0   0   07
980058A419092159Y2480825011510101461242210   0   0   0   07
980058A419092245Y14803650114301049599421172110   0   0   01
980058A419092259Y248042501151010069931211221132110   0   14
980058A419092265Y2480505011510101140012110   0   0   0   01
980058A419092257Y2480365011590100261382110   0   0   0   06
980058A419092253Y2480455011590100261382210   0   0   0   06
980058A419092270Y1484284411430108184042210   0   0   0   01
980058A419092973Y14803650115101008465121142110   0   0   01
980058A419092288Y1480475011510101258182210   0   0   0   01
980058A419092774Y1480435011510100699312110   0   0   0   14
980058A419092765Y14802150115101017265822182210   0   0   14
980058A419092932Y2480655011430111363692110   0   0   0   07
980058A419092761Y1480665011510101433342210   0   0   0   02
980058A419092968Y2480435011510100758122210   0   0   0   01
980058A419092940Y1480255021510101315212210   0   0   0   07
980058A419092773Y1480646311510101329412210   0   0   0   01
980058A419092937Y24808050115101013435322142210   0   0   02
980058A419092969Y2480625011510101322942210   0   0   0   01
980058A419092985Y2480365011531512011122210   0   0   0   01
980058A419092968M24831350115101021985122142210   0   0   01
980058A419092945Y2480355011510100699312210   0   0   0   07
980058A419092758Y1483155011560100660342110   0   0   0   07
980058A419092734Y14804750115101013294121122110   0   0   07
980058A419092862Y1480355011430105585712110   0   0   0   07
980058A419092257Y2480805011470423440782210   0   0   0   07
980058A419092847Y1480255021430109142112110   0   0   0   07
980058A419092852Y1480255021430109047612110   0   0   0   07
980058A419092858Y1480015011470420916722210   0   0   0   07
980058A419092886M1480425011430107176312110   0   0   0   01
980058A419092820Y2480445011430109780042210   0   0   0   07
980058A419092848Y2480895011510101343522210   0   0   0   07
