0102990119081028Y248045501430107708642210   0   0   0   14
0102990119081054Y248001501430107723012110   0   0   0   14
0102990119081081Y248023741430107692322210   0   0   0   14
0102990119081056Y248043501430107687412110   0   0   0   14
0102990119081057Y248026501430107730192110   0   0   0   14
0102990119081045Y14806350143010764602221422182110   0   14
0102990119081066Y248042501430107637542210   0   0   0   07
0102990119081066Y248314501430107624882210   0   0   0   14
0102990119081129Y248021501430107611012110   0   0   0   02
0102990119081138Y248045501430107607412110   0   0   0   07
0102990119081161Y248316501430107607412110   0   0   0   07
0102990119081161Y248042501430107605472210   0   0   0   07
0102990119081163Y248038501430107605342210   0   0   0   02
0102990119081112Y148065501430107569082210   0   0   0   07
0102990119081127Y2480215014301075689121122110   0   0   02
0102990119081138Y148066501430107566582210   0   0   0   07
0102990119081160Y148035501430107561582210   0   0   0   02
0102990119081138Y248036191430107557082210   0   0   0   07
0102990119081622Y248312631430107556112210   0   0   0   01
0102990119081633Y148036501430107542462110   0   0   0   07
0102990119081621Y248036501430107515562110   0   0   0   07
0102990119081639Y248035501430107482812110   0   0   0   07
0102990119081668Y148317631430107568922210   0   0   0   01
0102990119081652Y248036501430107459022210   0   0   0   07
0102990119081676Y148047501430107455082210   0   0   0   01
0102990119081683Y148043501430107450642210   0   0   0   01
0102990119081764Y148088501430107450242210   0   0   0   01
0102990119081778Y148038501430107637522210   0   0   0   01
0102990119081717Y148088501430107437982210   0   0   0   02
0102990119081756Y148047501430107455082210   0   0   0   07
0102990119081753Y248314501430107401542110   0   0   0   07
0102990119081778Y248036501430107386882210   0   0   0   01
0102990119081753Y248060501430107568912110   0   0   0   07
0102990119081828Y148060631430107380962120   0   0   0   14
0102990119081852Y248091501430107370142210   0   0   0   01
0102990119081861Y148026501430107366982210   0   0   0   07
0102990119081835Y148035501430107362282210   0   0   0   07
0102990119081847Y248178821430107556182210   0   0   0   07
0102990119081839Y248047501430107568922210   0   0   0   07
0102990119081871Y148054741430107576142210   0   0   0   01
0102990119081864Y148027501430107692382210   0   0   0   07
0102990119081858Y248026501430107605312110   0   0   0   07
0102990119082359Y148041501430107688582210   0   0   0   07
0102990119082356Y148312501430107360112110   0   0   0   07
0102990119082363Y2480235014301073402822182210   0   0   07
0102990119081652Y248312631430107320312110   0   0   0   01
0102990119082370Y248051501430107309322210   0   0   0   01
0102990119082350Y148152821430107624882210   0   0   0   07
0102990119082361Y148035501430107307612210   0   0   0   07
0102990119082363Y248036501430107287112210   0   0   0   07
0102990119082378Y248047501430107285612210   0   0   0   01
0102990119082329Y248035501430107568912210   0   0   0   07
0102990119082349Y248038501430107284782210   0   0   0   07
0102990119082323Y248313501430107568912210   0   0   0   07
0102990119082377Y248047501430107276682210   0   0   0   01
0102990119082445Y248312501430107730122210   0   0   0   07
0102990119082443Y148036501430107687412110   0   0   0   07
0102990119082424Y148091501430107220842210   0   0   0   07
0102990119082443Y248047501430107220082210   0   0   0   07
0102990119082454Y148224821430107730142210   0   0   0   07
0102990119082466Y248051501430107219582110   0   0   0   01
0102990119082487Y248045501430107455082210   0   0   0   07
0102990119082467Y248026501430107209612110   0   0   0   01
0102990119082437Y248006501430107208712210   0   0   0   01
0102990119082463Y248089501430107194582210   0   0   0   01
0102990119082563Y248066501430107161882210   0   0   0   01
0102990119082522Y24804863143010715651221A2210   0   0   07
0102990119082574Y248313501430107128142210   0   0   0   01
0102990119082549Y148044501430107108712210   0   0   0   07
0102990119082541Y248066501430107099582210   0   0   0   02
0102990119082543Y148038501430107094542210   0   0   0   07
0102990119082561Y148043501430107065212210   0   0   0   07
0102990119082530Y248096501430107128192210   0   0   0   02
0102990119082558Y1480435014301070526822142210   0   0   02
0102990119083041Y2480355014301070479121122110   0   0   07
0102990119083048Y248062501430107688542210   0   0   0   07
0102990119083073Y148045501430107039912110   0   0   0   01
0102990119083072Y248043501430107019022210   0   0   0   01
0102990119083071Y248043501430107011612110   0   0   0   01
0102990119083065Y148001501430107692382210   0   0   0   07
0102990119083039Y2480265014301076874121122110   0   0   07
0102990119083021Y248062501430106984942210   0   0   0   07
0102990119083048Y248048501430106960912210   0   0   0   07
0102990119083171Y248043501430107708682210   0   0   0   01
0102990119081776Y2480435014301077086321142110   0   0   01
0102990119082455Y148216821430107708642210   0   0   0   07
0102990119083153Y148065501430106959912210   0   0   0   07
0102990119083129Y248036501430107568922110   0   0   0   02
0102990119083176Y148023741430106960912210   0   0   0   01
0102990119083175Y248035501430107561582210   0   0   0   01
0102990119083193Y248089501430106938242210   0   0   0   01
0102990119083134Y148038501430106929722210   0   0   0   06
0102990119083154Y248044501430107542412110   0   0   0   01
0102990119083165Y248036501430107284742210   0   0   0   01
0102990119083137Y248310501430107568912210   0   0   0   07
